result,threads,worksize,repeat,time
10000.000000,1,1000000,4000,11320096
10000.000000,1,1000000,4000,11722657
10000.000000,1,1000000,4000,11206724
10000.000000,1,1000000,4000,11235996
10000.000000,1,1000000,4000,11530159
10000.000000,1,1000000,4000,10949405
10000.000000,1,1000000,4000,11220440
10000.000000,1,1000000,4000,11006677
10000.000000,1,1000000,4000,11316364
10000.000000,1,1000000,4000,10968414
10000.000000,2,500000,4000,5629003
10000.000000,2,500000,4000,5611422
10000.000000,2,500000,4000,5610824
10000.000000,2,500000,4000,5621270
10000.000000,2,500000,4000,5627703
10000.000000,2,500000,4000,5663015
10000.000000,2,500000,4000,5641306
10000.000000,2,500000,4000,5623954
10000.000000,2,500000,4000,5604947
10000.000000,2,500000,4000,5654623
10000.000000,4,250000,4000,3191037
10000.000000,4,250000,4000,3532799
10000.000000,4,250000,4000,3528652
10000.000000,4,250000,4000,3476114
10000.000000,4,250000,4000,3464910
10000.000000,4,250000,4000,3491725
10000.000000,4,250000,4000,3490018
10000.000000,4,250000,4000,3473055
10000.000000,4,250000,4000,3216270
10000.000000,4,250000,4000,3560963
10000.000000,8,125000,4000,3353284
10000.000000,8,125000,4000,3367076
10000.000000,8,125000,4000,3368396
10000.000000,8,125000,4000,3412336
10000.000000,8,125000,4000,3359577
10000.000000,8,125000,4000,3374880
10000.000000,8,125000,4000,3405185
10000.000000,8,125000,4000,3143615
10000.000000,8,125000,4000,3409245
10000.000000,8,125000,4000,3366131
10000.000000,1,1000000,2000,5472399
10000.000000,1,1000000,2000,5469101
10000.000000,1,1000000,2000,5619418
10000.000000,1,1000000,2000,5594928
10000.000000,1,1000000,2000,5484572
10000.000000,1,1000000,2000,5460929
10000.000000,1,1000000,2000,5473495
10000.000000,1,1000000,2000,5463557
10000.000000,1,1000000,2000,5485462
10000.000000,1,1000000,2000,5481061
10000.000000,2,500000,2000,2952793
10000.000000,2,500000,2000,2848283
10000.000000,2,500000,2000,2771544
10000.000000,2,500000,2000,2949504
10000.000000,2,500000,2000,2965762
10000.000000,2,500000,2000,2928863
10000.000000,2,500000,2000,2845955
10000.000000,2,500000,2000,2778840
10000.000000,2,500000,2000,2959440
10000.000000,2,500000,2000,2986333
10000.000000,4,250000,2000,1919313
10000.000000,4,250000,2000,1571270
10000.000000,4,250000,2000,1736957
10000.000000,4,250000,2000,1496863
10000.000000,4,250000,2000,1469943
10000.000000,4,250000,2000,1723228
10000.000000,4,250000,2000,1461726
10000.000000,4,250000,2000,1469366
10000.000000,4,250000,2000,2059592
10000.000000,4,250000,2000,1481932
10000.000000,8,125000,2000,1690481
10000.000000,8,125000,2000,1424804
10000.000000,8,125000,2000,1420779
10000.000000,8,125000,2000,1950729
10000.000000,8,125000,2000,1431509
10000.000000,8,125000,2000,1895215
10000.000000,8,125000,2000,1454435
10000.000000,8,125000,2000,1909985
10000.000000,8,125000,2000,1478484
10000.000000,8,125000,2000,1717892
10000.000000,1,1000000,1000,2750795
10000.000000,1,1000000,1000,2719966
10000.000000,1,1000000,1000,2807306
10000.000000,1,1000000,1000,2796357
10000.000000,1,1000000,1000,2762636
10000.000000,1,1000000,1000,2717003
10000.000000,1,1000000,1000,2800068
10000.000000,1,1000000,1000,2827787
10000.000000,1,1000000,1000,2953664
10000.000000,1,1000000,1000,2777632
10000.000000,2,500000,1000,1574591
10000.000000,2,500000,1000,1389706
10000.000000,2,500000,1000,1480259
10000.000000,2,500000,1000,1387967
10000.000000,2,500000,1000,1381409
10000.000000,2,500000,1000,1550722
10000.000000,2,500000,1000,1391340
10000.000000,2,500000,1000,1480326
10000.000000,2,500000,1000,1393288
10000.000000,2,500000,1000,1380086
10000.000000,4,250000,1000,1148977
10000.000000,4,250000,1000,914993
10000.000000,4,250000,1000,747040
10000.000000,4,250000,1000,755479
10000.000000,4,250000,1000,1015249
10000.000000,4,250000,1000,834159
10000.000000,4,250000,1000,774294
10000.000000,4,250000,1000,1004870
10000.000000,4,250000,1000,758329
10000.000000,4,250000,1000,1031912
10000.000000,8,125000,1000,767016
10000.000000,8,125000,1000,723846
10000.000000,8,125000,1000,782992
10000.000000,8,125000,1000,939076
10000.000000,8,125000,1000,726713
10000.000000,8,125000,1000,723128
10000.000000,8,125000,1000,836112
10000.000000,8,125000,1000,1074612
10000.000000,8,125000,1000,785849
10000.000000,8,125000,1000,733066
10000.000000,1,1000000,500,1359666
10000.000000,1,1000000,500,1356191
10000.000000,1,1000000,500,1408706
10000.000000,1,1000000,500,1378604
10000.000000,1,1000000,500,1394396
10000.000000,1,1000000,500,1395683
10000.000000,1,1000000,500,1368131
10000.000000,1,1000000,500,1397013
10000.000000,1,1000000,500,1370422
10000.000000,1,1000000,500,1354724
10000.000000,2,500000,500,795431
10000.000000,2,500000,500,782519
10000.000000,2,500000,500,697996
10000.000000,2,500000,500,693876
10000.000000,2,500000,500,727080
10000.000000,2,500000,500,742631
10000.000000,2,500000,500,695714
10000.000000,2,500000,500,693464
10000.000000,2,500000,500,693729
10000.000000,2,500000,500,689674
10000.000000,4,250000,500,542412
10000.000000,4,250000,500,681604
10000.000000,4,250000,500,451340
10000.000000,4,250000,500,383964
10000.000000,4,250000,500,375120
10000.000000,4,250000,500,387034
10000.000000,4,250000,500,361670
10000.000000,4,250000,500,438044
10000.000000,4,250000,500,596492
10000.000000,4,250000,500,691874
10000.000000,8,125000,500,384728
10000.000000,8,125000,500,369554
10000.000000,8,125000,500,364838
10000.000000,8,125000,500,368229
10000.000000,8,125000,500,375166
10000.000000,8,125000,500,367590
10000.000000,8,125000,500,372708
10000.000000,8,125000,500,372034
10000.000000,8,125000,500,369099
10000.000000,8,125000,500,379102
